NAME : single_frontier
TYPE : ATSP
DIMENSION : 18
EDGE_WEIGHT_TYPE : EXPLICIT
EDGE_WEIGHT_FORMAT : FULL_MATRIX
EDGE_WEIGHT_SECTION
0 407 96 2057 4423 7006 9482 4428 2531 2741 4774 9929 6736 6023 6127 7281 9095 10758 
0 0 207 5608 8271 10929 13490 275 3980 6208 8678 13970 439 7050 8495 10452 12669 14614 
0 207 0 4191 6700 9292 11744 2338 1906 4147 6662 12024 5117 5513 6585 8414 10602 12564 
0 5608 4191 0 268 535 7985 6425 4475 3618 4505 8920 8746 7732 7291 7782 9069 10253 
0 8271 6700 268 0 266 5322 8781 6445 4499 3624 6562 10711 9010 7775 7312 7798 8352 
0 10929 9292 535 266 0 2712 11269 8787 6452 4503 4587 12923 10802 9052 7787 7332 6990 
0 13490 11744 7985 5322 2712 0 13567 10974 8423 5978 285 14888 12407 10273 8384 7037 570 
0 141 2338 6425 8781 11269 13567 0 266 534 800 13474 3011 4559 6480 8822 11306 13578 
0 3980 2040 4475 6445 8787 10974 266 0 134 534 10810 4303 3674 4551 6501 8833 10988 
0 6208 4147 3618 4499 6452 8423 534 267 0 133 8134 6496 4510 3673 4550 6494 8429 
0 8678 6662 4505 3624 4503 5978 667 534 266 0 5466 8954 6446 4549 3687 4564 5989 
0 13970 12024 8920 6562 4587 285 13474 10810 8134 5466 0 14226 11377 8936 6592 4637 286 
0 572 5117 8746 10711 12923 14888 3011 4303 6496 8954 14226 0 3217 5811 8479 11143 13711 
0 7050 5513 7732 9010 10802 12407 4559 3674 4510 6446 11377 3217 0 262 530 797 10599 
0 8495 6585 7291 7775 9052 10273 6480 4551 3673 4549 8936 5811 262 0 268 535 7984 
0 10452 8414 7782 7312 7787 8384 8822 6501 4550 3687 6592 8479 530 268 0 266 5326 
0 12669 10602 9069 7798 7332 7037 11306 8833 6494 4564 4637 11143 797 535 266 0 2725 
0 14614 12564 10253 8352 6990 570 13578 10988 8429 5989 286 13711 10599 7984 5326 2725 0 
EOF